-460700.0
7086.971100002985
8677.648600003991
786400.0
173875.0
250301.0
25846.3223000049
481.71170000013603
-333852.0
607.5902999988504
-59653.66100008904
-1436.740599999629
-1183984.0
1980389.0
-39100.0
-262700.0
1520700.0
-155700.0
6980.023199999628
131857.0
-207771.12970001597
-84271.0
-3735.2282000011915
-398952.0
696800.0
28100.0
-11400.0
-133300.0
-1134300.0
942200.0
2906.8112000002257
-429426.0
24600.0
241705.0
153100.0
19572.0522999972
-17444.46549999608
18099.991000014248
224319.0
-1086095.0
-906000.0
240965.0
25600.0
547300.0
-178700.0
-260000.0
-150869.0
-920.9145999999399
322225.0
36639.196500006416
215176.0
-374100.0
8212.056299989887
1232.0578000000296
28940.550799999604
-11600.0
-222600.0
21466.541900003365
-136782.0
122346.14790006659
1908.6635999998373
